3.141211206346375207e+02
1.049706453758616789e+02
9.689235190583475799e+01
9.210615530512828286e+01
8.388384609534362824e+01
7.684199251501763683e+01
6.931613329644174826e+01
6.263450558298546866e+01
6.222672820537031413e+01
5.441679554172716138e+01
5.258160241942729840e+01
5.102760898668972800e+01
4.772085297987039354e+01
4.720535900447318056e+01
4.633608834967650125e+01
4.500785805485075031e+01
4.160661962326127394e+01
4.030978996394849645e+01
3.974955035133767467e+01
3.904647671884296045e+01
3.772872062976515650e+01
3.586367282211409702e+01
3.580913136717813217e+01
3.466712841508380194e+01
3.389515524178764139e+01
3.344861398256455232e+01
3.210544216424479913e+01
3.178555442502466022e+01
3.102748132952117643e+01
3.018788929786962427e+01
2.981387308856653817e+01
2.857655857891455042e+01
2.804077533188476323e+01
2.730767077563604772e+01
2.661113518527577071e+01
2.630133207588411182e+01
2.573803792428995862e+01
2.556489931576722086e+01
2.517485331688670058e+01
2.474805294453969395e+01
2.399550495707988418e+01
2.353147910934041676e+01
2.313313124972316714e+01
2.247676843910859290e+01
2.229030820631973953e+01
2.179167873585251058e+01
2.151464847179646611e+01
2.114570185312479822e+01
2.099003951462067619e+01
2.067247348357948766e+01
2.036174591548358137e+01
2.028829799071810669e+01
2.000667850105779166e+01
1.951612046160446567e+01
1.942091839889200600e+01
1.932569687950815407e+01
1.855783294575343589e+01
1.803325022673842781e+01
1.787257136028717142e+01
1.768153572316312605e+01
1.755541639125623021e+01
1.720953743531395830e+01
1.696140032918245311e+01
1.691849536576924606e+01
1.669347531441334098e+01
1.648156822797116661e+01
1.625387988885369950e+01
1.611888169965392237e+01
1.568383489552094723e+01
1.550784996777920277e+01
1.534840591936817766e+01
1.533641153753601749e+01
1.512494603115164615e+01
1.479735773982365998e+01
1.468626066222383741e+01
1.448618759734437056e+01
1.436507046703468049e+01
1.400121019862034011e+01
1.390128122592047433e+01
1.374821489561318089e+01
1.367936693833308937e+01
1.349704493763270996e+01
1.337038283413828843e+01
1.319886289955426584e+01
1.308086953699626598e+01
1.287863916595450497e+01
1.274639195915447942e+01
1.263237859487123060e+01
1.257585127751493204e+01
1.232447014448569433e+01
1.225696910492619907e+01
1.211126707635941635e+01
1.207120107530870179e+01
1.185914364773127083e+01
1.173836271887671501e+01
1.166677436635079879e+01
1.148188802484657067e+01
1.139803211012870321e+01
1.128808786810667009e+01
1.117982047013884994e+01
1.107597288854007367e+01
1.089326877247957270e+01
1.085376863993480079e+01
1.082850117678043667e+01
1.070773842702917023e+01
1.067070887781504140e+01
1.056842344498938679e+01
1.055396136199819601e+01
1.028182111823808143e+01
1.025176241337639560e+01
1.017329682432455229e+01
1.008897175762837151e+01
1.007095849347136962e+01
9.957117276696687114e+00
9.806494709304383051e+00
9.746632493773123684e+00
9.734835529602342774e+00
9.689139275104018623e+00
9.567637252806386883e+00
9.491664666770221359e+00
9.439526691121622903e+00
9.400761470197771530e+00
9.308142563859268748e+00
9.286068191387887083e+00
9.264842384673331210e+00
9.154116934520363458e+00
9.101714896201647420e+00
9.010219175533968894e+00
8.945610038049077062e+00
8.872623520356256677e+00
8.823517744658932571e+00
8.761899949200653737e+00
8.750120702681490670e+00
8.663166530599484716e+00
8.599511981836927887e+00
8.528568090694077952e+00
8.474773986642674117e+00
8.386832992238140605e+00
8.276152881304289721e+00
8.246094293081471349e+00
8.165877680953089524e+00
8.152435554593433054e+00
8.089320431497172947e+00
8.006322353330300956e+00
7.980186317482329983e+00
7.864816874126327129e+00
7.841328183298744037e+00
7.829917619319792799e+00
7.764787635179835057e+00
7.662238982380559449e+00
7.638702518901647309e+00
7.622096121644340805e+00
7.580554667302929595e+00
7.550486482389982434e+00
7.502233739301523485e+00
7.478833076046053741e+00
7.463563086280698755e+00
7.448971740214652471e+00
7.315794585946730599e+00
7.291066194132219458e+00
7.215874252930747801e+00
7.184726358090113507e+00
7.156827243981884301e+00
7.109718792735963966e+00
7.082324761183485862e+00
7.048207007061611407e+00
6.994319899372684723e+00
6.975484690349851746e+00
6.949770965128542421e+00
6.893988450198737183e+00
6.843531701964325364e+00
6.797351232110159458e+00
6.749428513744408775e+00
6.727559848930251718e+00
6.713457643499728178e+00
6.631733101103865380e+00
6.610862377463723405e+00
6.587037155656426890e+00
6.572247202436249047e+00
6.505698670923934834e+00
6.499137516124768865e+00
6.451604982560109391e+00
6.440082526328990475e+00
6.403879812632593094e+00
6.378059671037905609e+00
6.351256923938176868e+00
6.331309472025520080e+00
6.293187117096191940e+00
6.253135602670668369e+00
6.242953619947249955e+00
6.193054100719169064e+00
6.183779306544747278e+00
6.158868548558815270e+00
6.114288484696024817e+00
6.104758007758888994e+00
6.038000697486201496e+00
6.033803589384726607e+00
5.987704737748106965e+00
5.952885763094268867e+00
5.939575667220475808e+00
5.923406339141058297e+00
5.881745195594861642e+00
5.852202045535413788e+00
5.822681373765376200e+00
5.800680401446355106e+00
5.770715607083999998e+00
5.762593667606595638e+00
5.717792533130213073e+00
5.709890933133198843e+00
5.689864467770403778e+00
5.658823049737375044e+00
5.635907000539206457e+00
5.618702547535659342e+00
5.584486588907701332e+00
5.573368064404457201e+00
5.556930998638351937e+00
5.536978416745841791e+00
5.493935222528734563e+00
5.486203711231179447e+00
5.467148445115214805e+00
5.437564615360139797e+00
5.418537367047449038e+00
5.370124163056718913e+00
5.342585675948702928e+00
5.321229152703501164e+00
5.314321292070995462e+00
5.306424416550809653e+00
5.279390488723915809e+00
5.253051392580113443e+00
5.231310678308051187e+00
5.211591849076947724e+00
5.156776709331873931e+00
5.152482935422529664e+00
5.147531070071343251e+00
5.135879800417928465e+00
5.101067503662932268e+00
5.076123645166881637e+00
5.062376462024261059e+00
5.045802124221757445e+00
5.036262639187693679e+00
5.010984718960519224e+00
4.982892474271198857e+00
4.966468933715192158e+00
4.952838095963309151e+00
4.912676197123687416e+00
4.878629911561905175e+00
4.866122201078008302e+00
4.859277433302204408e+00
4.824362099613492383e+00
4.813783221493600273e+00
4.790352438887430786e+00
4.763450056087807916e+00
4.758031667221517935e+00
4.726961667666563116e+00
4.721608243330365440e+00
4.705212170647622649e+00
4.692160350950796754e+00
4.663133115795622174e+00
4.651605723774922652e+00
4.627784217221437402e+00
4.612122879458557811e+00
4.574866926957444235e+00
4.546274432692451128e+00
4.525501654500865278e+00
4.495831774757498067e+00
4.484136292026009940e+00
4.468626414514845990e+00
4.458834671473113964e+00
4.439788856993471811e+00
4.425539603110764553e+00
4.418083204993041413e+00
4.408396804812590553e+00
4.399078832689402141e+00
4.394469094596723302e+00
4.364640925790097548e+00
4.339211876819775604e+00
4.325029589152198817e+00
4.302089960710029359e+00
4.298761936920654669e+00
4.255937556646740560e+00
4.252615019041996902e+00
4.232612337710746075e+00
4.217567527840360597e+00
4.202129535875221755e+00
4.191343104468312930e+00
4.176070406829841986e+00
4.166261114808904154e+00
4.149287096597718438e+00
4.137729471113967605e+00
4.103734258380324462e+00
4.089479293048864150e+00
4.073841339661627536e+00
4.046840741614736281e+00
4.042182718703459798e+00
4.029343053651509798e+00
4.011302818499984824e+00
3.992129208050755995e+00
3.984850558059043646e+00
3.977809121540988979e+00
3.957805492468838171e+00
3.945038017309453249e+00
3.910943775190268035e+00
3.902621858161490653e+00
3.873128905199005878e+00
3.861459962813581281e+00
3.838527792159106777e+00
3.829270091408537802e+00
3.817207538142134204e+00
3.797414475281456703e+00
3.785715912068009725e+00
3.773201176152046532e+00
3.744395228398586184e+00
3.737229307708600512e+00
3.716977435706542376e+00
3.700469642877655563e+00
3.687496807678840138e+00
3.668348125977353824e+00
3.657985865602496833e+00
3.646853454743465672e+00
3.641709327678583463e+00
3.635587809729307729e+00
3.609770629826574595e+00
3.606149833668543803e+00
3.594995759178590600e+00
3.576885475329971698e+00
3.561705060733348027e+00
3.554367584792349266e+00
3.539792191991526060e+00
3.510859916869149888e+00
3.493719444595964951e+00
3.483080307938676068e+00
3.472942748545555514e+00
3.456736232973121492e+00
3.448465208656099179e+00
3.432878803385519983e+00
3.413860676579604458e+00
3.392549862615934941e+00
3.376963112901014252e+00
3.360179879604342279e+00
3.346544652475828219e+00
3.339711872059636377e+00
3.331300045890518202e+00
3.317219001487089702e+00
3.298111285459194963e+00
3.283928306478101078e+00
3.257076674226279778e+00
3.241351890723100038e+00
3.235479654732198895e+00
3.222861895775996910e+00
3.220371057046140795e+00
3.199463380330604068e+00
3.177892032051710558e+00
3.171794257573211429e+00
3.164201419728547293e+00
3.131540692448244290e+00
3.120024459480290169e+00
3.114095499635705533e+00
3.101567411690708820e+00
3.083425352670323694e+00
3.073309443956886877e+00
3.060814706501603144e+00
3.052570385514584927e+00
3.044809600601356081e+00
3.010945378902655900e+00
2.997023611160481771e+00
2.989591872115317628e+00
2.980068561507147606e+00
2.967596796054479125e+00
2.959040744709415360e+00
2.929947319237121928e+00
2.904497597369191553e+00
2.893238127727770337e+00
2.875757473289558330e+00
2.859637004894308276e+00
2.853168355011612256e+00
2.850425594309712096e+00
2.835318878325961300e+00
2.799155498994873703e+00
2.788929224314890210e+00
2.761334204687354354e+00
2.741312280504670351e+00
2.736343378888508759e+00
2.721647288178723034e+00
2.709847576990747076e+00
2.696984026052890560e+00
2.692449839280396606e+00
2.678238398583758784e+00
2.663008931661746903e+00
2.630862336135742385e+00
2.614288154840235467e+00
2.606484612985778160e+00
2.595439902712948665e+00
0.000000000000000000e+00
0.000000000000000000e+00
0.000000000000000000e+00
0.000000000000000000e+00
0.000000000000000000e+00
0.000000000000000000e+00
0.000000000000000000e+00
0.000000000000000000e+00
0.000000000000000000e+00
0.000000000000000000e+00
0.000000000000000000e+00
0.000000000000000000e+00
0.000000000000000000e+00
0.000000000000000000e+00
0.000000000000000000e+00
0.000000000000000000e+00
0.000000000000000000e+00
0.000000000000000000e+00
0.000000000000000000e+00
0.000000000000000000e+00
0.000000000000000000e+00
0.000000000000000000e+00
0.000000000000000000e+00
0.000000000000000000e+00
0.000000000000000000e+00
0.000000000000000000e+00
0.000000000000000000e+00
0.000000000000000000e+00
0.000000000000000000e+00
0.000000000000000000e+00
0.000000000000000000e+00
0.000000000000000000e+00
0.000000000000000000e+00
0.000000000000000000e+00
0.000000000000000000e+00
0.000000000000000000e+00
0.000000000000000000e+00
0.000000000000000000e+00
0.000000000000000000e+00
0.000000000000000000e+00
0.000000000000000000e+00
0.000000000000000000e+00
0.000000000000000000e+00
0.000000000000000000e+00
0.000000000000000000e+00
0.000000000000000000e+00
0.000000000000000000e+00
0.000000000000000000e+00
0.000000000000000000e+00
0.000000000000000000e+00
0.000000000000000000e+00
0.000000000000000000e+00
0.000000000000000000e+00
0.000000000000000000e+00
0.000000000000000000e+00
0.000000000000000000e+00
0.000000000000000000e+00
0.000000000000000000e+00
0.000000000000000000e+00
0.000000000000000000e+00
0.000000000000000000e+00
0.000000000000000000e+00
0.000000000000000000e+00
0.000000000000000000e+00
0.000000000000000000e+00
0.000000000000000000e+00
0.000000000000000000e+00
0.000000000000000000e+00
0.000000000000000000e+00
0.000000000000000000e+00
0.000000000000000000e+00
0.000000000000000000e+00
0.000000000000000000e+00
0.000000000000000000e+00
0.000000000000000000e+00
0.000000000000000000e+00
0.000000000000000000e+00
0.000000000000000000e+00
0.000000000000000000e+00
0.000000000000000000e+00
0.000000000000000000e+00
0.000000000000000000e+00
0.000000000000000000e+00
0.000000000000000000e+00
0.000000000000000000e+00
0.000000000000000000e+00
0.000000000000000000e+00
0.000000000000000000e+00
0.000000000000000000e+00
0.000000000000000000e+00
0.000000000000000000e+00
0.000000000000000000e+00
0.000000000000000000e+00
0.000000000000000000e+00
0.000000000000000000e+00
0.000000000000000000e+00
0.000000000000000000e+00
0.000000000000000000e+00
0.000000000000000000e+00
0.000000000000000000e+00
0.000000000000000000e+00
0.000000000000000000e+00
0.000000000000000000e+00
0.000000000000000000e+00
0.000000000000000000e+00
0.000000000000000000e+00
0.000000000000000000e+00
0.000000000000000000e+00
0.000000000000000000e+00
0.000000000000000000e+00
0.000000000000000000e+00
0.000000000000000000e+00
0.000000000000000000e+00
0.000000000000000000e+00
0.000000000000000000e+00
0.000000000000000000e+00
0.000000000000000000e+00
0.000000000000000000e+00
0.000000000000000000e+00
0.000000000000000000e+00
0.000000000000000000e+00
0.000000000000000000e+00
0.000000000000000000e+00
0.000000000000000000e+00
0.000000000000000000e+00
0.000000000000000000e+00
0.000000000000000000e+00
0.000000000000000000e+00
0.000000000000000000e+00
0.000000000000000000e+00
0.000000000000000000e+00
0.000000000000000000e+00
0.000000000000000000e+00
0.000000000000000000e+00
0.000000000000000000e+00
0.000000000000000000e+00
0.000000000000000000e+00
0.000000000000000000e+00
0.000000000000000000e+00
0.000000000000000000e+00
0.000000000000000000e+00
0.000000000000000000e+00
0.000000000000000000e+00
0.000000000000000000e+00
0.000000000000000000e+00
0.000000000000000000e+00
0.000000000000000000e+00
0.000000000000000000e+00
0.000000000000000000e+00
0.000000000000000000e+00
0.000000000000000000e+00
0.000000000000000000e+00
0.000000000000000000e+00
0.000000000000000000e+00
0.000000000000000000e+00
0.000000000000000000e+00
0.000000000000000000e+00
0.000000000000000000e+00
0.000000000000000000e+00
0.000000000000000000e+00
0.000000000000000000e+00
0.000000000000000000e+00
0.000000000000000000e+00
0.000000000000000000e+00
0.000000000000000000e+00
0.000000000000000000e+00
0.000000000000000000e+00
0.000000000000000000e+00
0.000000000000000000e+00
0.000000000000000000e+00
0.000000000000000000e+00
0.000000000000000000e+00
0.000000000000000000e+00
0.000000000000000000e+00
0.000000000000000000e+00
0.000000000000000000e+00
0.000000000000000000e+00
0.000000000000000000e+00
0.000000000000000000e+00
0.000000000000000000e+00
0.000000000000000000e+00
0.000000000000000000e+00
0.000000000000000000e+00
0.000000000000000000e+00
0.000000000000000000e+00
0.000000000000000000e+00
0.000000000000000000e+00
0.000000000000000000e+00
0.000000000000000000e+00
0.000000000000000000e+00
0.000000000000000000e+00
0.000000000000000000e+00
0.000000000000000000e+00
0.000000000000000000e+00
0.000000000000000000e+00
0.000000000000000000e+00
0.000000000000000000e+00
0.000000000000000000e+00
0.000000000000000000e+00
0.000000000000000000e+00
0.000000000000000000e+00
0.000000000000000000e+00
0.000000000000000000e+00
0.000000000000000000e+00
0.000000000000000000e+00
0.000000000000000000e+00
0.000000000000000000e+00
0.000000000000000000e+00
0.000000000000000000e+00
0.000000000000000000e+00
0.000000000000000000e+00
0.000000000000000000e+00
0.000000000000000000e+00
0.000000000000000000e+00
0.000000000000000000e+00
0.000000000000000000e+00
0.000000000000000000e+00
0.000000000000000000e+00
0.000000000000000000e+00
0.000000000000000000e+00
0.000000000000000000e+00
0.000000000000000000e+00
0.000000000000000000e+00
0.000000000000000000e+00
0.000000000000000000e+00
0.000000000000000000e+00
0.000000000000000000e+00
0.000000000000000000e+00
0.000000000000000000e+00
0.000000000000000000e+00
0.000000000000000000e+00
0.000000000000000000e+00
0.000000000000000000e+00
0.000000000000000000e+00
0.000000000000000000e+00
0.000000000000000000e+00
0.000000000000000000e+00
0.000000000000000000e+00
0.000000000000000000e+00
0.000000000000000000e+00
0.000000000000000000e+00
0.000000000000000000e+00
0.000000000000000000e+00
0.000000000000000000e+00
0.000000000000000000e+00
0.000000000000000000e+00
0.000000000000000000e+00
0.000000000000000000e+00
0.000000000000000000e+00
0.000000000000000000e+00
0.000000000000000000e+00
0.000000000000000000e+00
0.000000000000000000e+00
0.000000000000000000e+00
0.000000000000000000e+00
0.000000000000000000e+00
0.000000000000000000e+00
0.000000000000000000e+00
0.000000000000000000e+00
0.000000000000000000e+00
0.000000000000000000e+00
0.000000000000000000e+00
0.000000000000000000e+00
0.000000000000000000e+00
0.000000000000000000e+00
0.000000000000000000e+00
0.000000000000000000e+00
0.000000000000000000e+00
0.000000000000000000e+00
0.000000000000000000e+00
0.000000000000000000e+00
0.000000000000000000e+00
0.000000000000000000e+00
0.000000000000000000e+00
0.000000000000000000e+00
0.000000000000000000e+00
0.000000000000000000e+00
0.000000000000000000e+00
0.000000000000000000e+00
0.000000000000000000e+00
0.000000000000000000e+00
0.000000000000000000e+00
0.000000000000000000e+00
0.000000000000000000e+00
0.000000000000000000e+00
0.000000000000000000e+00
0.000000000000000000e+00
0.000000000000000000e+00
0.000000000000000000e+00
0.000000000000000000e+00
0.000000000000000000e+00
0.000000000000000000e+00
0.000000000000000000e+00
0.000000000000000000e+00
0.000000000000000000e+00
0.000000000000000000e+00
0.000000000000000000e+00
0.000000000000000000e+00
0.000000000000000000e+00
0.000000000000000000e+00
0.000000000000000000e+00
0.000000000000000000e+00
0.000000000000000000e+00
0.000000000000000000e+00
0.000000000000000000e+00
0.000000000000000000e+00
0.000000000000000000e+00
0.000000000000000000e+00
0.000000000000000000e+00
0.000000000000000000e+00
0.000000000000000000e+00
0.000000000000000000e+00
0.000000000000000000e+00
0.000000000000000000e+00
0.000000000000000000e+00
0.000000000000000000e+00
0.000000000000000000e+00
0.000000000000000000e+00
0.000000000000000000e+00
0.000000000000000000e+00
0.000000000000000000e+00
0.000000000000000000e+00
0.000000000000000000e+00
0.000000000000000000e+00
0.000000000000000000e+00
0.000000000000000000e+00
0.000000000000000000e+00
0.000000000000000000e+00
0.000000000000000000e+00
0.000000000000000000e+00
0.000000000000000000e+00
0.000000000000000000e+00
0.000000000000000000e+00
0.000000000000000000e+00
0.000000000000000000e+00
0.000000000000000000e+00
0.000000000000000000e+00
0.000000000000000000e+00
0.000000000000000000e+00
0.000000000000000000e+00
0.000000000000000000e+00
0.000000000000000000e+00
0.000000000000000000e+00
0.000000000000000000e+00
0.000000000000000000e+00
0.000000000000000000e+00
0.000000000000000000e+00
0.000000000000000000e+00
0.000000000000000000e+00
0.000000000000000000e+00
0.000000000000000000e+00
0.000000000000000000e+00
0.000000000000000000e+00
0.000000000000000000e+00
0.000000000000000000e+00
0.000000000000000000e+00
0.000000000000000000e+00
0.000000000000000000e+00
0.000000000000000000e+00
0.000000000000000000e+00
0.000000000000000000e+00
0.000000000000000000e+00
0.000000000000000000e+00
0.000000000000000000e+00
0.000000000000000000e+00
0.000000000000000000e+00
0.000000000000000000e+00
0.000000000000000000e+00
0.000000000000000000e+00
0.000000000000000000e+00
0.000000000000000000e+00
0.000000000000000000e+00
0.000000000000000000e+00
0.000000000000000000e+00
0.000000000000000000e+00
0.000000000000000000e+00
0.000000000000000000e+00
0.000000000000000000e+00
0.000000000000000000e+00
0.000000000000000000e+00
0.000000000000000000e+00
0.000000000000000000e+00
0.000000000000000000e+00
0.000000000000000000e+00
0.000000000000000000e+00
0.000000000000000000e+00
0.000000000000000000e+00
0.000000000000000000e+00
0.000000000000000000e+00
0.000000000000000000e+00
0.000000000000000000e+00
0.000000000000000000e+00
